98,37,47,35,22,73,76,36,67,39,69,82,45
72,94,76,96,23,87,69,37,24,91,75,36,57,73,89,42,97
35,36,57,66,86,38,43,49,53,56,33
94,63,19,87,98,75,39
37,98,86,23,42,91,96
99,38,43,29,49,53,56,33,31,55,59,41,77,67,82,22,72,94,76,63,19,96,23
34,29,77,33,89,55,97,62,11
86,38,29,49,33
98,37,24,35,39,57,89,97,14,62,86,85,38
93,59,98,94,55,37,82,47,19,33,22,24,96,72,67,77,23
23,35,63,37,69,98,47,36,96,82,19,91,57,39,89,45,24,22,94
49,53,56,33,31,55,93,67,82,72,96
39,97,66,68,43,53,55
33,55,59,77,93,67,82,72,76,63,19,96,23,69,45,98,47,37,24
72,35,93,87,47,96,82,41,37,45,23,76,98,24,67,63,59,75,19,94,69,22,77
87,72,91,67,24,76,47,57,75,22,73,35,19
36,75,98,73,24,47,87,76,89,45,96,94,35,39,63,69,57,42,22,72,23
98,47,37,91,35,57,89,97,11,66,86,68,38
49,86,75,29,68,39,35,43,91,73,38,14,57,97,34,66,11,62,42,53,85,36,89
76,37,47,94,93,19,45,91,22,36,77,69,98,87,82,75,41
86,85,68,34,99,38,43,29,49,53,56,33,31,55,59,41,77,93,82,22,72,94,76
37,94,98,45,19,87,35,93,72,39,77,22,63,47,23,24,91,69,75,96,36
69,45,91,75,35,36,57,89,14,62,66,86,85,68,34
41,93,82,94,31,22,96,72,59,38,76,77,67,56,33,19,63,99,29
24,75,35,39,57,86,38,29,49
31,55,59,77,82,72,76,63,23,45,98,47,37,24,91
34,43,49,56,77,67,76
69,96,91,45,87,22,72,55,67,23,94,59,76,77,24,47,75,93,82,41,98,19,37
73,42,14,62,11,86,34,99,43,29,49,53,56,33,55,59,41
85,86,38,56,29,82,76,43,31,72,93,99,33,53,94
55,85,66,43,49,42,53,77,86,56,89
97,72,63,19,57,23,89,24,47
87,69,98,47,75,35,36,39,89,97,14,62,11,85,68
45,98,93,37,94,57,82,69,35,36,22,63,24,19,39
49,82,53,63,59,96,72,22,87,29,69,45,23,56,67,76,93,41,94
33,31,55,77,93,82,22,72,76,19,96,23,87,69,45,37,24
49,66,68,75,89,36,97,38,57,34,73,86,91,99,29,62,53,11,39
69,14,86,57,68,34,75,42,62
14,62,66,85,43,53,56,59,41,77,82
63,96,23,45,24,75,35,36,89,42,97,14,11
82,22,76,19,96,98,37,24,75,39,89
43,53,56,33,59,67,82,22,72,76,19,87,69
77,76,94,59,41,29,87,63,67,96,72,82,23,33,55,56,69,49,19,43,31
87,69,91,59,82,45,63,96,67,76,94,23,55,98,37,77,47,75,93
14,62,11,68,38,43,29,56,55,59,67
93,67,82,22,72,76,63,19,96,23,87,69,45,47,37,91,75,35,36,39,57
36,39,89,97,14,62,11,66,86,85,68,38,43,29,49,53,56,33,31
94,41,37,93,55,76,82,72,77,67,45,96,98,56,87,31,33
94,53,72,96,82,43,55
38,43,49,56,33,31,55,41,93,67,22,72,94,76,63,19,96,23,87
45,98,33,77,47,69,59,87,19,67,23,31,94
35,24,98,45,91,57,87,37,11,36,89,63,39,75,42,96,23,47,19,73,69
98,47,37,24,91,35,36,39,57,73,89,42,97,14,62,11,66,86,85,68,34,99,38
99,22,53,56,82,59,72,33,31,85,63,68,76,34,77,93,43,94,29
62,49,68,93,56,59,77,85,41,66,86,22,11,82,38
14,53,97,41,42,66,33,11,85
45,19,98,73,69,91,82,22,23,96,47,36,75,63,94,72,57,67,24
63,69,94,45,47,87,72,97,39
36,66,91,37,29,38,39
68,56,66,41,62,99,97,67,31,86,49,33,77,29,85,43,34,11,38,55,53
43,49,31,55,77,93,82,23,69
39,11,66,68,38
68,99,38,43,29,49,53,33,59,41,77,93,67,82,22,72,94,76,63
24,91,75,35,36,57,73,89,42,97,14,62,11,66,86,85,68,34,99,38,43,29,49
14,29,36,42,37,43,73,34,85,62,99,38,39,11,68,24,91,35,57
68,39,55,53,31,11,33,86,56,14,62,49,42,97,43
98,47,36,89,42,14,62,86,68,99,38
38,56,77,33,53,86,41,22,76
82,87,72,22,63,75,69,76,24,35,23,73,39,57,47,36,91,89,96,94,45,98,19
37,75,35,36,57,42,85,68,99,38,29
91,35,57,73,89,14,11,86,99,49,53
14,97,45,87,35,73,23,85,66
75,36,69,91,39,42,68,11,34
24,91,35,39,89,42,86,85,68,99,38,43,29
73,89,42,97,14,62,11,66,85,34,99,29,49,53,31,55,59
34,99,43,53,56,63,96
35,39,57,62,86,85,99,29,49,53,33
42,11,68,34,99,38,43,29,53,56,33,31,55,59,41,77,93
59,22,33,41,77,49,68,38,63,99,29,67,72,94,31,19,56
77,93,82,94,76,63,19,45,37
47,14,39,87,75,45,97,36,73,86,42
38,82,34,59,68,56,67,22,31,55,76,77,41,29,53,99,85,94,43,93,63
22,69,47,24,75,36,57,89,42
98,45,37,63,72,94,73,69,47,91,97,42,75
97,14,62,11,66,86,85,68,99,38,43,29,49,53,56,55,59,41,77,93,67
67,82,22,72,94,76,63,19,96,23,87,69,45,98,91,75,35,57,73
53,33,55,59,41,77,67,22,94,69,45,98,47
35,39,57,73,14,66,34,38,53,56,33
89,14,66,86,68,34,29,59,77
19,96,23,69,45,47,91,75,35,73,89,42,97,62,66
69,24,75,93,22,45,96,39,77
57,73,42,97,14,62,11,66,86,85,68,34,99,38,43,29,49,53,56,33,31,55,59
47,91,63,69,35,11,97,73,96
19,47,37,36,57,89,42,11,66
56,98,76,82,47,53,59,96,67,41,69,72,55,87,23
39,91,73,23,35,36,42,98,22,47,94,45,63,89,37,76,75,24,69
36,39,57,89,42,97,14,62,11,66,86,85,68,34,99,38,43,29,49,53,56,33,31
72,77,45,94,41,49,82,22,19,29,63,31,96,87,93,53,33,55,59,76,23,69,56
56,33,31,55,59,41,77,67,82,22,72,94,76,63,96,23,87,69,45,98,37
87,69,47,75,35,39,57,86,68
29,49,53,56,33,31,55,59,41,77,93,67,82,22,72,94,76,63,19,96,87,69,45
66,82,77,85,31,86,34,29,99,94,59,22,33,93,68
73,35,39,91,68
93,39,98,72,23,22,82,57,69,45,87
11,85,34,99,38,29,53,56,31,55,59,41,77,93,82
47,37,91,36,89,42,97,62,86,85,68,34,43
72,49,76,38,31,55,93
75,45,39,36,62,11,98,24,37,73,66,35,97,23,85,42,87,47,86,69,57
33,59,93,63,19,96,98
77,99,53,31,38,29,11,62,59,66,85,93,82,67,68,49,56,86,41,43,34
38,96,31,94,22,19,34,93,63,76,59,53,67
35,11,97,33,34,29,66
24,35,36,62,11,85,49
93,67,22,72,94,76,63,19,96,23,87,69,45,98,47,37,24,91,75,35,36,39,57
97,86,11,34,36,39,14,35,53,43,49
19,96,87,69,98,47,24,57,73,89,42,97,62,11,66
73,38,35,49,86,91,14,34,43,85,53,89,62,75,36,42,29
69,98,24,37,14,36,68,97,89,39,73,47,87,86,85,75,11,35,62
23,87,19,98,24,76,57,63,45,47,73,37,14,75,39,97,36,42,91,96,89
55,93,96,87,47,37,75
73,11,49,29,53,41,86,62,31
34,38,43,49,53,56,33,31,59,41,77,93,67,82,22,76,63,19,96
85,34,53,31,59,93,67,94,63
42,57,53,36,31,34,11,89,68,73,49
67,53,72,31,43,38,86,93,41,11,22,56,77,68,99,85,49,59,82,29,33
77,93,82,76,87,69,98,47,37,24,35,36,39
29,68,85,11,53,89,38,66,73,62,42,43,55,86,31,56,33,41,59,14,97,49,99
53,94,87,55,69,23,59,43,63,29,67,41,56,22,96,31,33,77,72,76,93
37,91,35,36,39,57,73,89,14,62,66,86,85,68,34,38,29
29,49,53,56,33,31,55,77,93,67,82,22,63,19,96,23,87,69,45
77,76,98,47,67,53,41,96,63,31,55
56,86,85,53,41,93,33,55,77,29,99,66,38,43,68,34,94
37,24,75,36,39,42,97,14,62,11,66,85,34,38,43
35,73,14,11,43,53,33
31,62,99,85,66,34,97,29,59,33,57,43,86,42,55,38,11
69,98,47,24,35,36,39,89,42,97,14,62,66,86,85,68,34
99,14,31,93,86,62,38,11,42
63,37,24,39,97,62,11
59,41,22,94,96,24,35
98,37,91,75,35,36,39,57,73,89,42,97,14,62,11,66,86,85,68,34,99
11,33,68,14,86,43,89,49,66,62,73,56,42,31,55,39,53
36,57,75,66,37,99,35,45,47,86,39,68,89
69,45,98,47,91,75,35,36,57,73,89,42,97,14,62,11,66,86,85,68,34
38,43,77,82,22,94,19,96,87
76,63,23,87,47,37,24,91,75,57,73,42,62
35,42,97,66,68
36,57,89,42,62,11,66,86,85,68,34,99,38,43,49,33,31
49,41,38,67,34,77,55,72,56,43,11,85,99,33,93,31,53,59,29,82,68,22,66
33,99,43,31,38,89,34,86,97,36,11,14,39
97,66,85,57,42,24,73,89,39
11,39,14,66,62,97,91,99,34,75,37,86,38,57,36,85,73,89,24,35,68
86,42,73,85,43,49,89,31,38,34,62,56,39,99,68,55,97,29,33
66,73,91,14,89,24,62,35,97,37,29,36,39,38,42,34,86
53,41,33,55,31,94,59,77,22,98,49
87,33,43,93,29,53,22,59,94,41,82,76,72,69,49,56,23,31,63,55,77,19,96
72,76,19,69,45,91,75,35,73
87,31,33,63,29,94,67,93,53
98,41,47,67,36,76,91,72,69,87,24,77,96,63,93,35,75
23,87,69,45,98,47,37,24,91,75,35,36,39,57,73,89,42,97,14,62,11,86,85
94,76,63,19,96,23,87,45,98,37,24,91,75,35,36,39,73,89,42
85,57,45,24,75,89,99,14,86,36,62,37,47,34,35,91,98,11,66
19,75,63,89,73,98,97,24,94,45,23,35,37,36,69,57,14,91,42,87,96,39,47
56,33,31,55,59,41,77,93,82,76,96,45,98,47,37
89,42,97,14,62,11,66,86,85,68,34,99,38,43,29,49,53,56,33,31,59,41,77
94,45,91,96,97,87,76,47,89,39,37,24,35,42,72,19,57,73,36,75,98,69,63
33,87,93,72,94,77,55,82,23,53,76,49,22,98,63
34,49,56,33,31,55,59,41,77,93,22,72,94,76,63,19,96
23,87,37,93,94,96,77,75,19,35,59
55,59,41,77,93,67,82,22,72,94,76,63,19,96,23,87,69,45,98,47,37,91,75
19,96,23,69,45,91,35,36,39,57,73,89,97,14,62,11,66
22,72,19,23,37,24,36,39,73,89,42
75,39,57,73,89,14,62,11,66,68,34,43,29,53,56
91,31,47,24,98,67,37,82,23,45,69,87,94,77,55,19,63,93,96,41,59,76,72
55,93,34,56,99,22,85,49,59,29,66,41,86
35,36,39,73,42,97,62,11,66,86,68,34,99,38,43,29,49,53,33
24,36,73,39,98,82,19,94,63,69,76,22,96,75,23,72,37,89,45
29,62,39,57,99,97,66,85,53,91,11,35,86,34,68,42,75
53,33,55,67,82,76,63,19,96,23,87,45,47
38,53,11,59,34,73,33,62,66,99,42,97,29,43,68,89,56,31,86,49,57,14,55
24,47,76,45,37,72,23,63,89,82,69,19,57,73,87
24,47,87,89,98,19,66,97,75,57,36,73,11,62,39,96,91
49,53,56,31,55,41,77,93,82,94,76,19,96,23,87,69,98
19,72,87,96,63,94,45,39,57,37,82,91,98,67,36,23,93,47,35
38,66,14,29,62,59,53,97,56,57,43,73,33
43,29,49,53,56,33,31,55,59,41,77,93,67,82,72,94,76,63,19,96,23,87,69
45,62,23,14,98,76,24
49,77,59,53,38,55,89
23,55,96,24,59,76,69,31,22,67,33,98,19
37,77,33,45,59,24,96
45,19,94,23,98,55,93,96,67,37,76,72,33,31,22,47,24,59,82,69,41
87,47,93,56,59,82,19,76,23,45,31,72,63
67,49,31,53,66,43,99,14,55,11,77,38,86,41,62
68,11,75,89,42,49,62,86,24
